Potch
<coordinates>
              27.0948297,-26.677263,0
              27.0907957,-26.6845487,0
              27.0854742,-26.6904153,0
              27.0974046,-26.6915272,0
              27.0970184,-26.69701,0
              27.1045286,-26.696895,0
              27.1035844,-26.6898018,0
              27.0985633,-26.6896484,0
              27.0979196,-26.6797556,0
              27.0948297,-26.677263,0
</coordinates>

Vaal
<coordinates>
              27.8765706,-26.7264943,0
              27.8833083,-26.7332403,0
              27.8921918,-26.7253061,0
              27.8845529,-26.719173,0
              27.8770856,-26.7260344,0
              27.8765706,-26.7264943,0
</coordinates>

Mahikeng 
<coordinates>
              25.5989374,-25.830378,0
              25.613829,-25.8287942,0
              25.6189359,-25.8269014,0
              25.6133569,-25.8154668,0
              25.5941309,-25.8214933,0
              25.5989374,-25.830378,0
</coordinates>